C1-C2  444.282   1.379   0   1
C1-C7  340.249   1.420   0   6
C1-H1  388.487   1.086   0   13
C2-C9  332.704   1.418   1   8
C2-H2  389.144   1.085   1   14
C3-C5  339.788   1.419   2   4
C3-C8  411.928   1.383   2   7
C3-H3  390.879   1.083   2   15
C4-C6  330.315   1.419   3   5
C4-C9  422.635   1.379   3   8
C4-H4  393.274   1.084   3   16
C5-N1  469.152   1.318   4   10
C5-H5  373.312   1.090   4   17
C6-C7  304.362   1.428   5   6
C6-C8  303.899   1.431   5   7
C7-N1  330.216   1.369   6   10
C8-O1  348.355   1.356   7   11
C9-I1  113.204   2.129   8   12
C10-O1  249.450   1.429   9   11
C10-H6  374.730   1.090   9   18
C10-H7  355.452   1.096   9   19
C10-H8  355.624   1.096   9   20
