C2-C1-C7  82.766   121.175   1   0   6
C2-C1-H1  32.525   121.088   1   0   13
C7-C1-H1  30.658   117.737   6   0   13
C1-C2-C9  82.853   119.603   0   1   8
C1-C2-H2  31.720   120.328   0   1   14
C9-C2-H2  30.475   120.068   8   1   14
C5-C3-C8  92.518   118.513   4   2   7
C5-C3-H3  33.329   119.093   4   2   15
C8-C3-H3  30.950   122.394   7   2   15
C6-C4-C9  65.431   119.368   5   3   8
C6-C4-H4  29.454   119.153   5   3   16
C9-C4-H4  29.980   121.479   8   3   16
C3-C5-N1  76.259   125.216   2   4   10
C3-C5-H5  39.193   118.470   2   4   17
N1-C5-H5  34.890   116.314   10   4   17
C4-C6-C7  93.813   120.258   3   5   6
C4-C6-C8  82.888   122.267   3   5   7
C7-C6-C8  79.577   117.475   6   5   7
C1-C7-C6  98.217   118.287   0   6   5
C1-C7-N1  76.642   118.413   0   6   10
C6-C7-N1  75.823   123.300   5   6   10
C3-C8-C6  88.974   118.677   2   7   5
C3-C8-O1  83.453   125.438   2   7   11
C6-C8-O1  69.290   115.885   5   7   11
C2-C9-C4  89.175   121.309   1   8   3
C2-C9-I1  43.731   118.847   1   8   12
C4-C9-I1  42.576   119.844   3   8   12
O1-C10-H6  51.521   105.749   11   9   18
O1-C10-H7  56.879   110.981   11   9   19
O1-C10-H8  57.126   110.987   11   9   20
H6-C10-H7  43.952   109.616   18   9   19
H6-C10-H8  43.907   109.611   18   9   20
H7-C10-H8  42.638   109.813   19   9   20
C5-N1-C7  143.921   116.819   4   10   6
C8-O1-C10  157.101   118.002   7   11   9
